//los dos primeros es NO y el tercero es YES 2
3
40 18 -1 -1 18 -1 -1
40 18 -1 -1 38 -1 -1
40 18 -1 -1 10 -1 -1

3
40 18 -1 -1 38 -1 -1

6
90 50 20 -1 -1 -1 -1 
90 -1 50 -1 20 -1 -1
90 50 20 -1 -1 8 -1 -1 -1 

2
90 40 -1 -1 50 -1 20 -1 -1
90 50 20 -1 -1 8 -1 -1 40 -1 -1 

//estos dos dan no porque el ultimo hijo es solo 10 años mas joven q el padre
3
120 100 80 60 40 20 10 -1 -1 -1 -1 -1 -1 -1 -1
120 -1 100 -1 80 -1 60 -1 40 -1 20 -1 10 -1 -1

3
120 100 80 60 40 20 10 -1 -1 -1 -1 -1 -1 -1 -1
120 -1 100 -1 80 -1 60 -1 40 -1 20 -1 1 -1 -1


3
90 -1 50 -1 20 -1 -1

//debe ser no
3
100 81 90 -1 -1 -1 -1

3
23 3 -1 -1 2 -1 -1

6
40 20 2 -1 -1 0 -1 -1 -1
23 3 -1 -1 2 -1 -1
90 60 35 -1 -1 30 11 -1 -1 8 -1 -1 57 39 15 -1 -1 -1 28 10 -1 -1 6 -1 -1
100 81 90 -1 -1 -1 -1